28 41
3 1 1209
6 0 259
7 3 474
8 4 540
10 6 474
11 0 1067
11 9 462
12 0 552
12 4 381
12 10 592
13 0 540
13 9 690
14 2 796
15 2 760
15 5 834
17 4 757
17 10 456
17 16 522
18 8 722
19 5 747
19 6 393
19 13 514
19 14 594
20 4 420
20 7 668
21 1 1500
21 16 720
22 18 623
23 10 271
23 19 600
24 17 534
24 20 376
25 4 775
25 7 819
25 22 1213
26 3 551
26 21 783
26 24 400
27 14 507
27 16 327
27 23 218

2.146 
5.591 2.033 
1.057 0.719 0.971 
10.49 2.818 6.333 1.569 
4.881 1.508 6.288 0.728 5.225
7.457 1.139 3.095 0.586 5.226 2.805
2.247 1.195 1.990 1.253 3.773 1.544 1.278 
2.701 0.709 1.595 0.365 4.164 1.330 1.309 0.851
1.620 0.407 1.093 0.189 1.614 0.994 0.839 0.409 0.439
12.43 2.819 7.136 1.520 14.43 6.057 7.101 3.468 3.207 1.725
18.75 4.300 11.16 1.921 18.60 9.615 8.818 3.874 5.028 4.847 19.14
12.36 2.694 6.372 1.413 18.11 5.373 5.860 3.253 4.580 1.731 14.88 19.76
22.60 4.533 12.50 2.088 19.84 11.39 11.96 4.260 5.153 4.163 22.10 44.61 21.30
5.308 1.638 5.768 0.854 5.877 4.999 3.189 1.822 1.439 0.946 7.403 9.524 5.955 11.40
5.277 1.839 7.535 0.839 5.859 5.634 2.848 1.739 1.505 1.100 6.421 11.09 5.951 12.12 4.458
9.628 3.349 9.302 1.926 11.75 7.117 5.488 4.038 2.773 1.652 14.47 17.42 11.44 19.84 10.66 7.449
9.991 3.035 7.236 1.795 13.45 5.831 5.392 4.178 2.948 1.590 16.68 18.01 12.47 19.93 7.327 6.358 17.38
2.558 0.659 1.538 0.306 3.017 1.273 1.189 0.654 0.963 0.448 2.789 5.646 3.177 5.472 1.320 1.493 2.515 2.660
6.611 1.526 4.642 0.781 6.135 4.663 4.659 1.712 1.546 1.119 7.973 10.68 6.559 15.33 5.236 4.176 7.742 6.800 1.400
4.283 1.403 2.997 0.885 8.163 2.429 2.289 2.354 1.510 0.692 6.795 7.413 6.272 8.117 2.868 2.685 6.133 7.880 1.187 2.837
8.264 3.903 8.598 2.175 10.30 6.044 4.428 3.983 2.498 1.485 11.16 16.18 9.920 17.59 7.190 7.022 16.71 12.69 2.362 6.035 5.217
4.810 1.311 2.955 0.620 5.946 2.414 2.223 1.314 1.814 0.818 5.348 10.51 5.949 10.43 2.518 2.858 4.872 5.211 2.020 2.611 2.345 4.638
6.376 1.653 4.451 0.928 7.247 3.810 4.015 2.087 1.666 0.963 12.94 9.869 7.340 11.91 5.301 3.833 10.28 10.21 1.423 5.212 3.662 6.853 2.707
3.491 1.218 2.507 0.880 5.043 1.981 1.763 2.619 1.111 0.574 4.792 6.824 4.432 7.247 2.285 2.266 5.026 5.888 1.030 2.181 3.226 4.628 2.067 2.650
10.65 4.281 7.942 2.720 18.99 6.384 5.645 6.909 4.555 1.886 14.72 19.55 15.92 20.56 7.151 7.268 14.58 15.35 3.505 7.182 9.204 13.67 7.501 8.229 6.838
1.082 0.580 1.048 0.522 1.691 0.796 0.634 1.136 0.384 0.198 1.741 1.826 1.513 2.060 0.979 0.885 2.364 2.302 0.297 0.873 1.064 2.393 0.581 1.101 1.098 2.662
4.501 1.231 3.316 0.644 5.148 2.717 2.454 1.393 1.209 0.715 6.887 8.422 5.085 9.389 3.785 2.882 8.744 7.576 1.190 3.226 2.497 5.326 2.328 5.709 2.062 5.642 0.754
