17 26
4 2 37
4 3 36
6 0 306
6 1 114
7 0 298
7 1 120
7 2 208
7 5 316
7 7 157
9 2 88
9 4 41
9 6 182
10 0 174
10 5 353
10 7 258
11 5 85
11 8 64
13 1 144
13 2 278
14 5 224
14 10 275
14 12 179
15 8 74
15 14 187
16 12 143
16 15 86

11.536
15.85 7.446
17.48 8.028 16.214
12.496 5.818 14.704 16.844
57.834 25.688 38.91 43.424 31.004
24.836 12.906 14.636 16.014 11.504 51.492
27.066 13.752 17.258 18.43 13.228 58.224 27.004
5.46 2.35 3.532 3.982 2.804 14.484 4.81 5.414 4.346 5.414
18.702 8.488 15.982 24.104 13.81 47.234 17.018 19.522 4.346
43.588 16.192 22.816 25.102 17.95 82.6 33.942 38.752 7.934 26.928
9.6 4.148 6.318 7.112 5.006 27.656 8.472 9.596 3.228 7.814 13.998
19.728 8.24 11.978 13.354 9.488 45.768 17.022 18.986 4.574 14.386 28.748 7.88
0 0 0 0 0 288.48 0 0 0 0 0 0 0
15.812 6.586 9.648 10.708 7.616 37.692 13.594 15.344 3.67 11.564 23.722 6.468 14.008 0
22.916 9.778 14.528 16.278 11.514 57.36 20.066 22.574 7.344 17.666 33.392 11.288 20.066 0 16.07
14.204 6.02 8.846 9.874 7.008 34.614 12.372 13.86 3.672 10.67 20.702 6.16 13.638 0 10.154 18.056
