14 21
1 0 834
7 2 870
7 5 864
8 3 312
8 6 942
9 3 468
9 6 720
10 4 1008
10 5 846
10 8 540
10 9 438
11 1 2520
11 2 1746
11 3 2364
11 4 1350
12 0 1152
12 2 684
12 6 2820
13 0 1338
13 1 2056
13 5 3408

63.35
20.144 29.97
38.69 56.146 26.608
78.524 114.59 54.596 149.42
48.888 71.048 35.486 90.04 182.02
41.108 59.604 28.758 86.05 154.37 124.62
16.854 24.608 14.24 26.244 54.618 40.962 30.204
17.524 25.384 11.888 74.522 65.106 40.02 38.918 11.682
62.014 89.792 41.914 207.73 225.79 140.03 135.41 41.13 208.66
47.582 68.926 32.112 240.14 177.19 108.47 105.5 31.568 291.57 403.05
63.382 94.314 48.256 95.184 213.5 126.5 102.54 45.806 42.46 149.31 115.2
25.05 36.436 18.816 28.084 57.104 36.33 30.104 13.186 12.638 44.676 34.284 47.616
28.47 37.386 16.182 31.74 63.89 40.33 33.912 13.884 14.422 51.046 39.096 50.62 19.546
